18
  0  0  0 67  0 20  0  0 64 50  0 88 68  0 62 32  0  0
  0  0 82 43  0 53  0  0  0 17 64  0  0  0  0  0  0 37
  0 82  0  0 41 38 35  0  0  0  0  0  0  0  0  0 24  0
 67 43  0  0  0  0  0  0  0  0  1  0 80  0  0  0  0  0
  0  0 41  0  0 75 48  0 45  0  0  0  0 23  0  0  0 50
 20 53 38  0 75  0 67  0  0  0  0 12  0  0  0 48  0  0
  0  0 35  0 48 67  0 71  0  0  0 26  0  0  0  0 92  0
  0  0  0  0  0  0 71  0  0  0 62  0  0  0  0  0 86 93
 64  0  0  0 45  0  0  0  0  0 14 63 69  0 76 63  3 71
 50 17  0  0  0  0  0  0  0  0 52  0  0  0  0 51  0  0
  0 64  0  1  0  0  0 62 14 52  0  0 96 73  0  0  0 34
 88  0  0  0  0 12 26  0 63  0  0  0  0  0  0 66  0  0
 68  0  0 80  0  0  0  0 69  0 96  0  0  0  0  0  0 43
  0  0  0  0 23  0  0  0  0  0 73  0  0  0  0  0  0  0
 62  0  0  0  0  0  0  0 76  0  0  0  0  0  0 66  0  0
 32  0  0  0  0 48  0  0 63 51  0 66  0  0 66  0  0  0
  0  0 24  0  0  0 92 86  3  0  0  0  0  0  0  0  0  0
  0 37  0  0 50  0  0 93 71  0 34  0 43  0  0  0  0  0
7  16 12 8 5 17 18 6
3